-0.01919801
0.02136031
0.05992676
-0.00590556
0.08729056
-0.06299119
-0.05044644
0.02642971
-0.03177550
0.05078392
-0.02383094
0.04450542
0.02580159
0.03387238
0.06208113
0.08006093
-0.03929240
-0.00155603
0.03930282
0.01950776
-0.09885117
0.03993725
0.03842320
-0.01463199
-0.04012241
0.07586338
0.02710540
-0.03859134
-0.03087416
0.00709405
-0.03545395
0.00715749
0.00901526
-0.01703964
-0.03351595
0.01128364
0.03836637
-0.00605631
0.01260644
-0.05760573
-0.03082062
-0.00978716
-0.01374094
0.05537060
-0.10067660
0.03828761
-0.01720305
0.08809975
-0.08142763
0.08916445
0.04186368
0.11048447
0.01470302
-0.06860586
0.02495609
-0.08344667
-0.02211940
-0.06142735
0.00164535
0.01624843
0.00817428
-0.00221944
0.04599930
-0.01855887
-0.01237293
-0.06422696
0.01718523
-0.03317328
-0.03913510
0.04024201
-0.05532757
-0.01382048
0.03838375
0.03674868
0.08284565
0.02441650
0.01460918
0.03170788
-0.03866958
0.03339293
-0.01929423
-0.03688058
-0.04594436
-0.02100766
0.02376772
-0.03388000
-0.01678851
0.00797199
0.03396049
0.06088252
0.00760297
0.03805255
0.05916014
-0.00551526
-0.04364002
0.01531873
0.01055760
0.05464150
-0.06100507
-0.00137469
0.03546647
-0.02884267
-0.06785874
0.02322497
-0.06551427
-0.01596245
-0.01430980
0.03096781
-0.02196832
-0.06038284
-0.09975842
-0.04815894
0.07692510
-0.03419814
0.05270207
0.00706932
0.02958399
0.04417513
-0.01323905
-0.00107832
0.03980272
0.02199359
0.00230254
-0.02898152
-0.03768650
-0.01133288
0.00682037
0.04810935
0.05021390
0.02611176
-0.01053617
0.01477246
-0.05766690
0.01496376
0.02991505
0.05491792
0.05904866
-0.01082492
-0.02387621
-0.01031084
-0.04847661
0.04073086
0.03427454
0.00946332
0.01072307
0.08944345
0.01213599
-0.00933387
0.01334771
-0.00142385
0.02542949
-0.05672299
-0.06323985
-0.04201419
0.01865018
0.03300115
0.02480454
-0.03068982
0.03560307
-0.03510547
0.04904210
-0.01446804
0.01612545
-0.02667070
0.05319845
-0.01094541
0.00057332
-0.01172580
-0.02700996
0.06176082
-0.03869186
0.00627847
-0.04473736
-0.01461872
0.03439862
-0.02588508
0.09352271
0.00215790
0.01664017
0.06844524
-0.10327256
0.06158077
0.07295965
0.04377503
0.01115630
0.00641474
-0.05365311
0.07860345
-0.02922274
0.00168395
0.04678074
0.03390723
-0.08038757
-0.06298582
-0.05215568
0.03699934
0.06659479
0.07126135
-0.00906751
-0.03901592
-0.04806627
0.00375101
-0.00204423
0.01814609
-0.12058117
-0.03587539
0.06000704
0.06338631
-0.00655660
0.04998659
0.00807584
-0.01108447
0.00271098
0.02143272
-0.06641859
-0.03878982
-0.00900693
-0.01536447
0.03228089
0.00546269
0.06818017
0.04457303
0.02081290
0.03109722
0.02348853
0.04688336
-0.00238771
-0.00258745
-0.10289077
-0.00277112
-0.07149234
-0.05268126
-0.00001742
-0.04268077
-0.06002168
0.00091717
-0.00860948
0.09736552
0.00175915
-0.06210530
0.06592528
0.03744633
0.01923047
-0.01645947
0.05374470
0.06269613
0.02119582
0.01814935
-0.04532811
-0.03513478
0.05193335
-0.06353911
-0.05510635
-0.02597053
-0.01637135
-0.00521201
-0.06396241
-0.00217201
0.06709197
0.00014498
0.02608899
0.03255511
-0.02952315
0.01679356
-0.01173901
-0.00893023
0.01856099
-0.00970171
0.01456537
0.01697640
0.02108666
0.09787456
0.02967755
-0.08006560
-0.06299639
0.06725708
0.02440518
0.00045193
-0.01870431
-0.02136558
-0.00052610
0.04737459
-0.00886927
0.06049274
0.04419782
0.01302828
-0.04104527
-0.02499586
-0.03025946
0.04559852
-0.05530757
-0.03657942
-0.02288763
-0.03052915
0.01526983
-0.04445297
0.06262515
0.04240661
-0.02614649
0.01960571
0.03160281
0.09252043
0.02125962
-0.05799283
-0.05234954
-0.01036443
-0.08937712
-0.04177522
0.00057311
-0.00039359
0.02354559
-0.06363581
-0.09418462
0.03635680
0.02466535
0.02336883
0.00338470
-0.01281672
0.00754647
0.04195879
-0.00257815
0.02026570
0.01390716
0.07593096
0.04586327
-0.01593401
0.01845007
0.01023869
-0.10621565
0.01072502
0.03576305
0.03992502
-0.04026828
0.02350054
-0.01533767
0.05084737
0.00693423
0.04259465
0.03726799
-0.01663616
0.06541003
-0.05167396
-0.04494741
0.00298082
-0.01069974
-0.02023932
0.01119635
-0.09552246
0.05944154
0.05615759
-0.01444856
0.05155258
0.03269066
-0.08074946
-0.03436161
0.03232968
0.03905788
0.08343409
-0.05109400
0.02789336
0.00053050
0.01804812
0.06514437
-0.13574488
0.05002749
0.01586482
-0.04304095
0.07453943
0.06273894
-0.01236679
0.01243081
0.00724342
0.03800548
0.03553445
-0.02006505
0.04039016
-0.03909893
-0.04502934
0.03773767
-0.04681664
-0.02810090
0.06208680
0.03806297
0.10089090
0.08450932
0.06120897
0.06138371
0.02752846
0.07503995
0.00185174
-0.08402095
-0.02289581
0.05613557
0.01087085
0.00276383
0.05571931
-0.02165217
0.01481446
-0.05719521
-0.06515720
0.00080199
-0.00301457
-0.04560685
-0.02828432
0.02277078
0.04883124
-0.03915856
0.03172151
-0.00543641
-0.04448318
-0.04378243
0.00913192
0.00333677
-0.03090875
0.02959995
0.05410012
-0.03647250
0.05945981
-0.06223381
0.00330551
-0.00589006
-0.01433607
0.08189745
0.04600170
0.01824394
0.05462893
0.00080463
-0.00466501
-0.00706502
0.06235712
-0.04017971
0.01367635
0.03974752
0.00231074
0.02630578
-0.01524786
-0.02324077
-0.08348826
-0.02839211
-0.02173055
-0.03689461
-0.04960332
-0.01976791
-0.07047460
0.02925508
-0.05237814
0.05772821
-0.00844008
0.08742380
-0.05804642
-0.07458856
0.05396012
0.03070528
0.01586878
0.00093567
-0.01790844
-0.02085551
-0.01650926
-0.01268977
0.06837589
-0.10778756
0.02234639
-0.03706039
-0.02726212
0.04475024
0.01642736
0.01914517
-0.07702328
0.06686056
0.04138715
0.03718204
0.00713463
-0.00823350
0.00523864
0.05954400
-0.04400254
-0.09783866
0.00637433
0.00057942
-0.01878376
-0.03711738
-0.03134011
0.02403618
-0.07742637
-0.05291108
0.02975259
-0.08499330
0.01577131
-0.00943472
0.00648244
-0.04846602
0.03228268
0.06637904
0.00814792
-0.00451932
0.00188708
0.00251975
0.05908129
-0.01104511
-0.03567762
0.00835160
0.02051432
-0.04675234
-0.04330563
0.07549272
-0.03278366
0.09725928
0.03730422
0.04346758
0.01263733
0.04932701
-0.01405372
